329 4
344 10
1240 5
1940 2
1543 2
295 2
1654 9
363 2
877 7
1341 10
170 4
425 4
334 3
1019 6
9 2
100 4
90 10
426 5
1164 8
1383 9
731 10
1328 10
970 6
1870 4
452 4
467 1
316 2
328 10
1754 6
952 5
93 2
398 4
1009 9
933 1
537 6
197 3
1447 8
815 10
1904 5
70 5
382 7
191 7
520 4
1258 10
491 4
89 7
464 5
358 9
487 5
1023 7
680 4
1000 9
424 4
427 2
2088 2
401 1
58 1
1657 5
471 3
1381 9
1082 6
432 10
152 9
302 10
1608 8
454 9
94 5
332 10
322 6
106 7
932 3
496 5
253 3
1251 10
91 1
333 6
1296 6
95 1
667 4
1340 5
1222 2
369 3
1916 5
117 6
1672 7
74 5
1263 5
323 4
1382 6
830 3
1575 5
1688 5
73 3
1535 5
25 3
414 1
1773 9
479 5
1444 10
1430 1
500 1
273 6
231 9
1433 7
841 5
1663 10
1261 2
1281 4
926 6
1871 3
92 4
164 7
1557 7
1469 2
1558 3
948 5
892 5
1710 6
175 5
1229 7
259 1
875 2
1431 5
544 5
7 10
625 5
1265 5
195 10
279 9
665 6
899 9
529 1
1438 2
1847 8
1897 2
931 5
1857 6
773 4
1297 5
127 3
298 6
609 9
1120 3
161 6
1544 2
1234 6
217 9
1137 5
114 8
420 8
450 3
1509 6
549 10
16 9
1707 9
489 10
463 10
1227 3
1333 4
1703 8
1556 3
412 5
1210 4
1911 5
502 3
1351 7
436 10
1304 9
889 4
1579 5
1885 10
2098 10
218 5
1492 9
196 5
442 3
441 4
582 9
1040 6
1730 1
453 2
195 2
1267 9
397 2
1189 10
806 7
229 6
504 7
1628 6
268 2
1482 7
389 5
1432 5
1434 5
482 3
386 4
880 3
239 3
1517 10
867 4
11 9
474 9
59 7
1333 6
331 8
317 6
467 8
947 6
317 1
482 8
1187 9
880 1
735 3
731 1
982 10
758 6
1195 8
1001 1
1436 3
1419 8
426 6
1832 8
174 1
892 6
317 8
519 8
197 8
1476 8
1165 9
390 1
 1
