1444 0
502 6
58 4
436 8
1885 2
91 6
273 8
1001 2
1261 3
1210 4
1904 4
1229 8
1351 4
1558 4
667 4
295 8
1556 4
92 0
841 9
480 2
1040 0
2098 6
1164 6
665 8
1871 3
322 1
549 8
1707 2
1857 3
382 1
16 8
1382 2
1628 6
1557 6
1911 2
1847 6
1663 8
1187 0
1509 2
323 6
1245 5
363 1
59 5
317 7
196 2
441 5
191 3
1189 1
1419 5
1657 2
487 1
231 3
1430 0
344 6
875 6
454 6
474 0
453 8
1544 5
1482 6
1575 6
889 6
899 0
463 2
218 8
161 6
1381 5
1434 2
609 2
1023 2
1436 0
328 8
500 5
1304 3
89 4
1535 2
1227 3
170 3
333 5
1438 9
1897 4
867 5
806 5
90 4
390 0
117 3
520 4
427 6
1240 6
1730 6
1267 6
952 6
926 2
1019 6
1654 8
268 1
489 8
1009 8
1296 8
94 4
1263 3
369 4
1579 4
398 6
414 8
1940 6
420 6
424 6
239 4
432 8
482 3
450 5
464 8
731 2
93 3
892 5
1341 3
1120 9
1608 8
1754 4
1297 2
175 1
152 2
1195 0
331 5
625 4
386 2
1165 0
100 4
1688 2
70 1
2088 0
302 9
1222 8
1234 8
114 9
1000 3
931 6
334 5
544 2
2145 9
496 2
1476 8
947 0
939 5
358 4
1433 4
479 2
1251 0
1258 3
1517 3
933 5
830 4
1773 4
773 4
815 4
389 4
1432 4
504 5
1710 4
680 8
412 3
948 4
1431 4
164 0
1672 4
1492 4
1447 9
426 7
174 5
1916 5
735 0
279 5
316 8
1137 9
1832 0
1265 2
195 8
1328 5
1809 3
582 5
106 2
259 6
397 2
185 1
491 1
519 9
74 4
1469 2
1281 5
1870 3
229 1
877 6
401 0
452 0
298 8
880 2
197 7
442 3
329 8
1383 2
1333 7
467 6
1798 3
1543 6
945 0
1703 2
9 3
537 2
529 6
253 4
11 8
425 2
471 8
25 0
1340 6
332 5
758 9
95 3
932 4
982 5
970 3
1082 8
7 4
2094 0
73 4
127 6
217 4
