1444 0
502 6
58 4
436 8
1885 9
91 5
273 8
1001 2
1261 3
1210 4
1904 4
1229 0
1351 9
1558 4
667 4
295 8
1556 4
92 6
841 9
480 2
1040 0
2098 4
1164 8
665 8
1871 3
322 6
549 8
1707 9
1857 3
382 6
16 8
1382 2
1628 1
1557 1
1911 2
1847 1
1663 1
1187 0
1509 9
323 5
1245 5
363 6
59 5
317 7
196 2
441 8
191 3
1189 6
1419 5
1657 2
487 6
231 6
1430 0
344 4
875 4
454 4
474 6
453 1
1544 5
1482 4
1575 4
889 4
899 0
463 2
218 8
161 1
1381 5
1434 2
609 2
1023 3
1436 7
328 5
500 5
1304 3
89 4
1535 2
1227 3
170 3
333 5
1438 7
1897 4
867 8
806 5
90 4
390 0
117 6
520 9
427 1
1240 1
1730 1
1267 1
952 1
926 2
1019 1
1654 1
268 6
489 9
1009 0
1296 0
94 9
1263 3
369 4
1579 9
398 8
414 8
1940 1
420 2
424 1
239 9
432 8
482 3
450 5
464 8
731 9
93 3
892 5
1341 3
1120 5
1608 8
1754 4
1297 2
175 6
152 9
1195 0
331 5
625 4
386 2
1165 0
100 9
1688 2
70 6
2088 0
302 7
1222 2
1234 8
114 7
1000 3
931 5
334 5
544 9
2145 7
496 2
1476 8
947 0
939 8
358 4
1433 4
479 9
1251 0
1258 3
1517 3
933 5
830 4
1773 4
773 4
815 4
389 4
1432 4
504 5
1710 4
680 8
412 3
948 4
1431 4
164 6
1672 4
1492 4
1447 9
426 7
174 5
1916 5
735 0
279 5
316 9
1137 7
1832 0
1265 9
195 8
1328 5
1809 3
582 5
106 2
259 1
397 9
185 6
491 6
519 7
74 4
1469 2
1281 5
1870 3
229 6
877 9
401 0
452 0
298 8
880 2
197 7
442 3
329 9
1383 9
1333 7
467 1
1798 3
1543 1
945 0
1703 2
9 3
537 2
529 1
253 9
11 8
425 2
471 8
25 0
1340 1
332 5
758 7
95 3
932 4
982 5
970 3
1082 9
7 4
2094 0
73 4
127 5
217 4
