1444 9
502 6
58 4
436 8
1885 2
91 5
273 8
1001 2
1261 3
1210 4
1904 4
1229 0
1351 2
1558 4
667 4
295 8
1556 0
92 6
841 9
480 2
1040 0
2098 0
1164 8
665 0
1871 3
322 6
549 8
1707 2
1857 3
382 6
16 8
1382 2
1628 0
1557 0
1911 0
1847 0
1663 0
1187 9
1509 9
323 5
1245 5
363 6
59 5
317 7
196 2
441 8
191 3
1189 6
1419 5
1657 2
487 6
231 6
1430 0
344 0
875 0
454 0
474 6
453 0
1544 5
1482 0
1575 0
889 0
899 9
463 2
218 8
161 1
1381 5
1434 2
609 2
1023 3
1436 7
328 8
500 5
1304 3
89 4
1535 2
1227 3
170 3
333 5
1438 7
1897 4
867 5
806 5
90 4
390 9
117 6
520 8
427 8
1240 0
1730 0
1267 0
952 0
926 0
1019 0
1654 0
268 6
489 8
1009 0
1296 0
94 2
1263 3
369 4
1579 8
398 8
414 0
1940 0
420 2
424 0
239 2
432 8
482 3
450 5
464 8
731 2
93 3
892 5
1341 3
1120 1
1608 8
1754 4
1297 2
175 6
152 2
1195 9
331 5
625 4
386 2
1165 9
100 2
1688 2
70 6
2088 9
302 1
1222 2
1234 8
114 1
1000 3
931 5
334 5
544 2
2145 1
496 2
1476 8
947 9
939 8
358 4
1433 4
479 2
1251 9
1258 3
1517 3
933 5
830 4
1773 4
773 4
815 4
389 4
1432 4
504 5
1710 4
680 8
412 3
948 4
1431 4
164 9
1672 4
1492 0
1447 9
426 7
174 5
1916 5
735 9
279 5
316 8
1137 1
1832 9
1265 2
195 8
1328 5
1809 3
582 1
106 2
259 1
397 9
185 6
491 6
519 1
74 4
1469 2
1281 5
1870 3
229 6
877 2
401 9
452 9
298 8
880 2
197 7
442 3
329 8
1383 2
1333 7
467 1
1798 3
1543 0
945 9
1703 2
9 3
537 2
529 1
253 2
11 8
425 2
471 8
25 9
1340 1
332 5
758 7
95 3
932 4
982 5
970 3
1082 8
7 4
2094 9
73 4
127 5
217 4
