1444 3
502 8
58 7
436 0
1885 4
91 8
273 0
1001 5
1261 6
1210 7
1904 7
1229 7
1351 4
1558 9
667 9
295 0
1556 9
92 9
841 9
480 5
1040 9
2098 9
1164 0
665 9
1871 6
322 2
549 0
1707 5
1857 6
382 2
16 0
1382 5
1628 1
1557 1
1911 1
1847 1
1663 1
1187 3
1509 5
323 8
1245 8
363 2
59 8
317 3
196 5
441 8
191 6
1189 2
1419 8
1657 5
487 2
231 2
1430 9
344 9
875 9
454 9
474 9
453 9
1544 9
1482 9
1575 9
889 9
899 1
463 5
218 9
161 0
1381 0
1434 5
609 5
1023 5
1436 3
328 0
500 8
1304 6
89 7
1535 5
1227 6
170 6
333 8
1438 3
1897 7
867 8
806 8
90 7
390 3
117 2
520 4
427 1
1240 1
1730 4
1267 1
952 9
926 1
1019 1
1654 1
268 2
489 4
1009 7
1296 7
94 4
1263 6
369 7
1579 4
398 0
414 9
1940 1
420 1
424 1
239 4
432 8
482 6
450 8
464 0
731 5
93 6
892 8
1341 6
1120 0
1608 0
1754 9
1297 5
175 2
152 5
1195 3
331 8
625 7
386 5
1165 1
100 4
1688 5
70 2
2088 3
302 0
1222 0
1234 0
114 3
1000 6
931 6
334 8
544 5
2145 0
496 5
1476 4
947 3
939 8
358 7
1433 7
479 5
1251 1
1258 6
1517 6
933 8
830 9
1773 9
773 9
815 9
389 7
1432 7
504 8
1710 9
680 9
412 0
948 9
1431 9
164 1
1672 9
1492 9
1447 9
426 3
174 8
1916 8
735 3
279 8
316 4
1137 0
1832 1
1265 4
195 0
1328 8
1809 6
582 0
106 5
259 6
397 5
185 2
491 2
519 3
74 7
1469 5
1281 8
1870 6
229 2
877 5
401 1
452 1
298 8
880 5
197 3
442 6
329 5
1383 5
1333 3
467 6
1798 6
1543 1
945 1
1703 5
9 6
537 5
529 6
253 4
11 0
425 5
471 0
25 1
1340 6
332 8
758 3
95 6
932 7
982 8
970 6
1082 4
7 7
2094 1
73 7
127 8
217 7
